2.530000000000000000e+02
3.080000000000000000e+02
2.258000000000000000e+03
2.520000000000000000e+02
3.060000000000000000e+02
2.792000000000000000e+03
2.520000000000000000e+02
3.040000000000000000e+02
4.017000000000000000e+03
2.500000000000000000e+02
3.040000000000000000e+02
4.144000000000000000e+03
0.000000000000000000e+00
0.000000000000000000e+00
0.000000000000000000e+00
2.520000000000000000e+02
3.050000000000000000e+02
2.513000000000000000e+03
2.500000000000000000e+02
3.030000000000000000e+02
3.095000000000000000e+03
2.500000000000000000e+02
3.030000000000000000e+02
2.706000000000000000e+03
2.500000000000000000e+02
3.010000000000000000e+02
4.099000000000000000e+03
2.510000000000000000e+02
3.000000000000000000e+02
4.070000000000000000e+03
2.530000000000000000e+02
3.000000000000000000e+02
2.816000000000000000e+03
2.520000000000000000e+02
2.980000000000000000e+02
2.078000000000000000e+03
2.530000000000000000e+02
3.000000000000000000e+02
1.812000000000000000e+03
2.520000000000000000e+02
2.980000000000000000e+02
2.152000000000000000e+03
2.540000000000000000e+02
2.980000000000000000e+02
3.920000000000000000e+03
2.560000000000000000e+02
2.960000000000000000e+02
2.967000000000000000e+03
0.000000000000000000e+00
0.000000000000000000e+00
0.000000000000000000e+00
0.000000000000000000e+00
0.000000000000000000e+00
0.000000000000000000e+00
2.510000000000000000e+02
2.990000000000000000e+02
1.674000000000000000e+03
2.590000000000000000e+02
3.000000000000000000e+02
2.171000000000000000e+03
2.590000000000000000e+02
3.000000000000000000e+02
2.722000000000000000e+03
2.600000000000000000e+02
3.030000000000000000e+02
2.669000000000000000e+03
2.600000000000000000e+02
3.000000000000000000e+02
2.022000000000000000e+03
2.590000000000000000e+02
3.020000000000000000e+02
2.525000000000000000e+03
2.590000000000000000e+02
3.040000000000000000e+02
1.746000000000000000e+03
2.580000000000000000e+02
3.040000000000000000e+02
3.110000000000000000e+03
2.570000000000000000e+02
3.050000000000000000e+02
3.233000000000000000e+03
2.570000000000000000e+02
3.040000000000000000e+02
3.424000000000000000e+03
2.590000000000000000e+02
3.060000000000000000e+02
2.124000000000000000e+03
2.550000000000000000e+02
3.070000000000000000e+02
1.703000000000000000e+03
0.000000000000000000e+00
0.000000000000000000e+00
0.000000000000000000e+00
2.560000000000000000e+02
3.060000000000000000e+02
2.427000000000000000e+03
2.550000000000000000e+02
3.070000000000000000e+02
2.708000000000000000e+03
2.540000000000000000e+02
3.060000000000000000e+02
2.581000000000000000e+03
2.540000000000000000e+02
3.070000000000000000e+02
2.497000000000000000e+03
2.520000000000000000e+02
3.110000000000000000e+02
2.036000000000000000e+03
0.000000000000000000e+00
0.000000000000000000e+00
0.000000000000000000e+00
2.510000000000000000e+02
3.080000000000000000e+02
1.293000000000000000e+03
2.520000000000000000e+02
3.070000000000000000e+02
2.015000000000000000e+03
2.520000000000000000e+02
3.070000000000000000e+02
2.288000000000000000e+03
2.500000000000000000e+02
3.060000000000000000e+02
2.685000000000000000e+03
0.000000000000000000e+00
0.000000000000000000e+00
0.000000000000000000e+00
1.360000000000000000e+02
3.510000000000000000e+02
1.287000000000000000e+03
2.360000000000000000e+02
3.180000000000000000e+02
1.530000000000000000e+03
2.500000000000000000e+02
3.030000000000000000e+02
2.318000000000000000e+03
2.500000000000000000e+02
3.030000000000000000e+02
3.106000000000000000e+03
0.000000000000000000e+00
0.000000000000000000e+00
0.000000000000000000e+00
1.650000000000000000e+02
2.860000000000000000e+02
1.462000000000000000e+03
3.500000000000000000e+02
1.850000000000000000e+02
1.417000000000000000e+03
0.000000000000000000e+00
0.000000000000000000e+00
0.000000000000000000e+00
