2.530000000000000000e+02
3.080000000000000000e+02
2.258000000000000000e+03
2.520000000000000000e+02
3.060000000000000000e+02
2.792000000000000000e+03
2.520000000000000000e+02
3.040000000000000000e+02
4.017000000000000000e+03
2.500000000000000000e+02
3.040000000000000000e+02
4.144000000000000000e+03
0.000000000000000000e+00
0.000000000000000000e+00
0.000000000000000000e+00
2.520000000000000000e+02
3.050000000000000000e+02
2.513000000000000000e+03
2.500000000000000000e+02
3.030000000000000000e+02
3.095000000000000000e+03
2.500000000000000000e+02
3.030000000000000000e+02
2.706000000000000000e+03
2.500000000000000000e+02
3.010000000000000000e+02
4.099000000000000000e+03
2.510000000000000000e+02
3.000000000000000000e+02
4.070000000000000000e+03
2.530000000000000000e+02
3.000000000000000000e+02
2.816000000000000000e+03
2.520000000000000000e+02
2.980000000000000000e+02
2.078000000000000000e+03
2.530000000000000000e+02
3.000000000000000000e+02
1.812000000000000000e+03
2.520000000000000000e+02
2.980000000000000000e+02
2.152000000000000000e+03
2.540000000000000000e+02
2.980000000000000000e+02
3.920000000000000000e+03
2.560000000000000000e+02
2.960000000000000000e+02
2.967000000000000000e+03
0.000000000000000000e+00
0.000000000000000000e+00
0.000000000000000000e+00
0.000000000000000000e+00
0.000000000000000000e+00
0.000000000000000000e+00
2.510000000000000000e+02
2.990000000000000000e+02
1.674000000000000000e+03
2.590000000000000000e+02
3.000000000000000000e+02
2.171000000000000000e+03
2.590000000000000000e+02
3.000000000000000000e+02
2.722000000000000000e+03
2.600000000000000000e+02
3.030000000000000000e+02
2.669000000000000000e+03
2.600000000000000000e+02
3.000000000000000000e+02
2.022000000000000000e+03
2.590000000000000000e+02
3.020000000000000000e+02
2.525000000000000000e+03
2.590000000000000000e+02
3.040000000000000000e+02
1.746000000000000000e+03
2.580000000000000000e+02
3.040000000000000000e+02
3.110000000000000000e+03
2.570000000000000000e+02
3.050000000000000000e+02
3.233000000000000000e+03
2.570000000000000000e+02
3.040000000000000000e+02
3.424000000000000000e+03
2.590000000000000000e+02
3.060000000000000000e+02
2.124000000000000000e+03
2.550000000000000000e+02
3.070000000000000000e+02
1.703000000000000000e+03
0.000000000000000000e+00
0.000000000000000000e+00
0.000000000000000000e+00
2.560000000000000000e+02
3.060000000000000000e+02
2.427000000000000000e+03
2.550000000000000000e+02
3.070000000000000000e+02
2.708000000000000000e+03
2.540000000000000000e+02
3.060000000000000000e+02
2.581000000000000000e+03
2.540000000000000000e+02
3.070000000000000000e+02
2.497000000000000000e+03
2.520000000000000000e+02
3.110000000000000000e+02
2.036000000000000000e+03
0.000000000000000000e+00
0.000000000000000000e+00
0.000000000000000000e+00
2.510000000000000000e+02
3.080000000000000000e+02
1.293000000000000000e+03
2.520000000000000000e+02
3.070000000000000000e+02
2.015000000000000000e+03
2.520000000000000000e+02
3.070000000000000000e+02
2.288000000000000000e+03
2.500000000000000000e+02
3.060000000000000000e+02
2.685000000000000000e+03
0.000000000000000000e+00
0.000000000000000000e+00
0.000000000000000000e+00
1.360000000000000000e+02
3.510000000000000000e+02
1.287000000000000000e+03
2.360000000000000000e+02
3.180000000000000000e+02
1.530000000000000000e+03
2.500000000000000000e+02
3.030000000000000000e+02
2.318000000000000000e+03
2.500000000000000000e+02
3.030000000000000000e+02
3.106000000000000000e+03
0.000000000000000000e+00
0.000000000000000000e+00
0.000000000000000000e+00
1.650000000000000000e+02
2.860000000000000000e+02
1.462000000000000000e+03
3.500000000000000000e+02
1.850000000000000000e+02
1.417000000000000000e+03
0.000000000000000000e+00
0.000000000000000000e+00
0.000000000000000000e+00
3.400000000000000000e+02
1.610000000000000000e+02
1.638000000000000000e+03
1.610000000000000000e+02
2.850000000000000000e+02
1.247000000000000000e+03
1.880000000000000000e+02
3.070000000000000000e+02
1.471000000000000000e+03
1.890000000000000000e+02
3.140000000000000000e+02
1.340000000000000000e+03
1.610000000000000000e+02
3.070000000000000000e+02
1.312000000000000000e+03
1.410000000000000000e+02
3.280000000000000000e+02
1.722000000000000000e+03
1.930000000000000000e+02
2.920000000000000000e+02
1.418000000000000000e+03
1.790000000000000000e+02
1.510000000000000000e+02
1.249000000000000000e+03
2.570000000000000000e+02
3.020000000000000000e+02
2.328000000000000000e+03
2.290000000000000000e+02
2.840000000000000000e+02
1.224000000000000000e+03
0.000000000000000000e+00
0.000000000000000000e+00
0.000000000000000000e+00
3.120000000000000000e+02
3.540000000000000000e+02
1.275000000000000000e+03
0.000000000000000000e+00
0.000000000000000000e+00
0.000000000000000000e+00
2.590000000000000000e+02
3.060000000000000000e+02
3.271000000000000000e+03
0.000000000000000000e+00
0.000000000000000000e+00
0.000000000000000000e+00
0.000000000000000000e+00
0.000000000000000000e+00
0.000000000000000000e+00
0.000000000000000000e+00
0.000000000000000000e+00
0.000000000000000000e+00
2.030000000000000000e+02
3.120000000000000000e+02
1.206000000000000000e+03
2.550000000000000000e+02
3.080000000000000000e+02
2.157000000000000000e+03
2.540000000000000000e+02
3.070000000000000000e+02
3.004000000000000000e+03
2.550000000000000000e+02
3.090000000000000000e+02
2.587000000000000000e+03
0.000000000000000000e+00
0.000000000000000000e+00
0.000000000000000000e+00
0.000000000000000000e+00
0.000000000000000000e+00
0.000000000000000000e+00
0.000000000000000000e+00
0.000000000000000000e+00
0.000000000000000000e+00
2.560000000000000000e+02
3.080000000000000000e+02
1.477000000000000000e+03
0.000000000000000000e+00
0.000000000000000000e+00
0.000000000000000000e+00
0.000000000000000000e+00
0.000000000000000000e+00
0.000000000000000000e+00
0.000000000000000000e+00
0.000000000000000000e+00
0.000000000000000000e+00
1.580000000000000000e+02
2.960000000000000000e+02
1.216000000000000000e+03
1.840000000000000000e+02
2.960000000000000000e+02
1.445000000000000000e+03
0.000000000000000000e+00
0.000000000000000000e+00
0.000000000000000000e+00
0.000000000000000000e+00
0.000000000000000000e+00
0.000000000000000000e+00
0.000000000000000000e+00
0.000000000000000000e+00
0.000000000000000000e+00
1.690000000000000000e+02
3.290000000000000000e+02
1.344000000000000000e+03
2.370000000000000000e+02
2.360000000000000000e+02
1.295000000000000000e+03
1.900000000000000000e+02
2.970000000000000000e+02
1.316000000000000000e+03
1.940000000000000000e+02
2.060000000000000000e+02
1.434000000000000000e+03
0.000000000000000000e+00
0.000000000000000000e+00
0.000000000000000000e+00
0.000000000000000000e+00
0.000000000000000000e+00
0.000000000000000000e+00
0.000000000000000000e+00
0.000000000000000000e+00
0.000000000000000000e+00
1.690000000000000000e+02
2.870000000000000000e+02
1.331000000000000000e+03
2.580000000000000000e+02
3.050000000000000000e+02
2.087000000000000000e+03
2.480000000000000000e+02
3.020000000000000000e+02
1.464000000000000000e+03
1.810000000000000000e+02
3.250000000000000000e+02
1.621000000000000000e+03
0.000000000000000000e+00
0.000000000000000000e+00
0.000000000000000000e+00
0.000000000000000000e+00
0.000000000000000000e+00
0.000000000000000000e+00
2.560000000000000000e+02
3.090000000000000000e+02
1.816000000000000000e+03
2.610000000000000000e+02
2.600000000000000000e+02
1.256000000000000000e+03
1.990000000000000000e+02
3.320000000000000000e+02
1.479000000000000000e+03
2.540000000000000000e+02
3.100000000000000000e+02
1.861000000000000000e+03
0.000000000000000000e+00
0.000000000000000000e+00
0.000000000000000000e+00
0.000000000000000000e+00
0.000000000000000000e+00
0.000000000000000000e+00
2.080000000000000000e+02
3.290000000000000000e+02
1.361000000000000000e+03
2.510000000000000000e+02
3.080000000000000000e+02
1.801000000000000000e+03
0.000000000000000000e+00
0.000000000000000000e+00
0.000000000000000000e+00
0.000000000000000000e+00
0.000000000000000000e+00
0.000000000000000000e+00
0.000000000000000000e+00
0.000000000000000000e+00
0.000000000000000000e+00
2.800000000000000000e+02
1.560000000000000000e+02
1.319000000000000000e+03
2.410000000000000000e+02
2.910000000000000000e+02
1.285000000000000000e+03
2.340000000000000000e+02
3.080000000000000000e+02
1.402000000000000000e+03
1.340000000000000000e+02
1.490000000000000000e+02
1.313000000000000000e+03
3.530000000000000000e+02
1.300000000000000000e+02
1.339000000000000000e+03
0.000000000000000000e+00
0.000000000000000000e+00
0.000000000000000000e+00
1.870000000000000000e+02
3.340000000000000000e+02
1.626000000000000000e+03
1.760000000000000000e+02
3.120000000000000000e+02
1.191000000000000000e+03
0.000000000000000000e+00
0.000000000000000000e+00
0.000000000000000000e+00
0.000000000000000000e+00
0.000000000000000000e+00
0.000000000000000000e+00
0.000000000000000000e+00
0.000000000000000000e+00
0.000000000000000000e+00
0.000000000000000000e+00
0.000000000000000000e+00
0.000000000000000000e+00
2.010000000000000000e+02
3.150000000000000000e+02
1.298000000000000000e+03
0.000000000000000000e+00
0.000000000000000000e+00
0.000000000000000000e+00
0.000000000000000000e+00
0.000000000000000000e+00
0.000000000000000000e+00
0.000000000000000000e+00
0.000000000000000000e+00
0.000000000000000000e+00
0.000000000000000000e+00
0.000000000000000000e+00
0.000000000000000000e+00
2.000000000000000000e+02
3.400000000000000000e+02
1.522000000000000000e+03
3.520000000000000000e+02
3.710000000000000000e+02
1.266000000000000000e+03
2.560000000000000000e+02
3.010000000000000000e+02
1.507000000000000000e+03
0.000000000000000000e+00
0.000000000000000000e+00
0.000000000000000000e+00
0.000000000000000000e+00
0.000000000000000000e+00
0.000000000000000000e+00
1.780000000000000000e+02
2.930000000000000000e+02
1.276000000000000000e+03
0.000000000000000000e+00
0.000000000000000000e+00
0.000000000000000000e+00
1.660000000000000000e+02
3.150000000000000000e+02
1.168000000000000000e+03
0.000000000000000000e+00
0.000000000000000000e+00
0.000000000000000000e+00
0.000000000000000000e+00
0.000000000000000000e+00
0.000000000000000000e+00
1.860000000000000000e+02
2.980000000000000000e+02
1.257000000000000000e+03
1.570000000000000000e+02
3.330000000000000000e+02
1.177000000000000000e+03
0.000000000000000000e+00
0.000000000000000000e+00
0.000000000000000000e+00
0.000000000000000000e+00
0.000000000000000000e+00
0.000000000000000000e+00
0.000000000000000000e+00
0.000000000000000000e+00
0.000000000000000000e+00
0.000000000000000000e+00
0.000000000000000000e+00
0.000000000000000000e+00
0.000000000000000000e+00
0.000000000000000000e+00
0.000000000000000000e+00
1.780000000000000000e+02
3.050000000000000000e+02
1.331000000000000000e+03
0.000000000000000000e+00
0.000000000000000000e+00
0.000000000000000000e+00
2.390000000000000000e+02
3.270000000000000000e+02
1.401000000000000000e+03
1.770000000000000000e+02
3.120000000000000000e+02
1.229000000000000000e+03
0.000000000000000000e+00
0.000000000000000000e+00
0.000000000000000000e+00
3.670000000000000000e+02
3.500000000000000000e+02
1.273000000000000000e+03
2.550000000000000000e+02
2.980000000000000000e+02
2.672000000000000000e+03
0.000000000000000000e+00
0.000000000000000000e+00
0.000000000000000000e+00
1.950000000000000000e+02
2.990000000000000000e+02
1.262000000000000000e+03
0.000000000000000000e+00
0.000000000000000000e+00
0.000000000000000000e+00
0.000000000000000000e+00
0.000000000000000000e+00
0.000000000000000000e+00
2.560000000000000000e+02
2.960000000000000000e+02
2.654000000000000000e+03
2.510000000000000000e+02
2.780000000000000000e+02
1.506000000000000000e+03
2.570000000000000000e+02
2.940000000000000000e+02
2.531000000000000000e+03
1.850000000000000000e+02
3.820000000000000000e+02
1.350000000000000000e+03
1.890000000000000000e+02
1.750000000000000000e+02
1.282000000000000000e+03
0.000000000000000000e+00
0.000000000000000000e+00
0.000000000000000000e+00
2.610000000000000000e+02
2.980000000000000000e+02
2.654000000000000000e+03
2.610000000000000000e+02
2.990000000000000000e+02
3.871000000000000000e+03
3.420000000000000000e+02
3.390000000000000000e+02
1.377000000000000000e+03
3.670000000000000000e+02
2.270000000000000000e+02
1.324000000000000000e+03
0.000000000000000000e+00
0.000000000000000000e+00
0.000000000000000000e+00
1.900000000000000000e+02
2.130000000000000000e+02
1.337000000000000000e+03
2.620000000000000000e+02
3.000000000000000000e+02
2.446000000000000000e+03
2.620000000000000000e+02
3.020000000000000000e+02
3.878000000000000000e+03
2.600000000000000000e+02
3.020000000000000000e+02
3.987000000000000000e+03
1.790000000000000000e+02
3.180000000000000000e+02
1.400000000000000000e+03
2.450000000000000000e+02
3.190000000000000000e+02
1.350000000000000000e+03
1.790000000000000000e+02
3.310000000000000000e+02
1.243000000000000000e+03
2.590000000000000000e+02
3.050000000000000000e+02
2.373000000000000000e+03
2.580000000000000000e+02
3.060000000000000000e+02
3.367000000000000000e+03
1.790000000000000000e+02
2.350000000000000000e+02
1.283000000000000000e+03
0.000000000000000000e+00
0.000000000000000000e+00
0.000000000000000000e+00
2.190000000000000000e+02
2.980000000000000000e+02
1.350000000000000000e+03
0.000000000000000000e+00
0.000000000000000000e+00
0.000000000000000000e+00
2.530000000000000000e+02
3.050000000000000000e+02
2.379000000000000000e+03
2.540000000000000000e+02
3.030000000000000000e+02
3.440000000000000000e+03
2.530000000000000000e+02
3.020000000000000000e+02
3.809000000000000000e+03
3.110000000000000000e+02
2.930000000000000000e+02
1.304000000000000000e+03
0.000000000000000000e+00
0.000000000000000000e+00
0.000000000000000000e+00
0.000000000000000000e+00
0.000000000000000000e+00
0.000000000000000000e+00
2.850000000000000000e+02
2.670000000000000000e+02
1.251000000000000000e+03
0.000000000000000000e+00
0.000000000000000000e+00
0.000000000000000000e+00
0.000000000000000000e+00
0.000000000000000000e+00
0.000000000000000000e+00
2.090000000000000000e+02
2.590000000000000000e+02
1.335000000000000000e+03
2.540000000000000000e+02
3.050000000000000000e+02
2.034000000000000000e+03
2.540000000000000000e+02
3.040000000000000000e+02
3.871000000000000000e+03
2.490000000000000000e+02
3.040000000000000000e+02
1.546000000000000000e+03
2.530000000000000000e+02
3.010000000000000000e+02
2.598000000000000000e+03
0.000000000000000000e+00
0.000000000000000000e+00
0.000000000000000000e+00
0.000000000000000000e+00
0.000000000000000000e+00
0.000000000000000000e+00
2.520000000000000000e+02
3.010000000000000000e+02
2.708000000000000000e+03
2.530000000000000000e+02
2.990000000000000000e+02
3.016000000000000000e+03
2.330000000000000000e+02
2.840000000000000000e+02
1.239000000000000000e+03
0.000000000000000000e+00
0.000000000000000000e+00
0.000000000000000000e+00
1.390000000000000000e+02
1.770000000000000000e+02
1.361000000000000000e+03
0.000000000000000000e+00
0.000000000000000000e+00
0.000000000000000000e+00
2.280000000000000000e+02
2.350000000000000000e+02
1.356000000000000000e+03
2.630000000000000000e+02
2.570000000000000000e+02
1.445000000000000000e+03
